//
// File: LFRefMdl_data.cpp
//
// Code generated for Simulink model 'LFRefMdl'.
//
// Model version                  : 1.753
// Simulink Coder version         : 9.4 (R2020b) 29-Jul-2020
// C/C++ source code generated on : Sat Sep  4 19:34:05 2021
//
// Target selection: ert.tlc
// Embedded hardware selection: Intel->x86-64 (Windows64)
// Code generation objectives: Unspecified
// Validation result: Not run
//
#include "LFRefMdl.h"
#include "LFRefMdl_private.h"

// Invariant block signals (default storage)
const ConstB_LFRefMdl_T LFRefMdl_ConstB = {
  // Start of '<S2>/Path Following Control System'
  {
    0.0
    ,                                  // '<S12>/Switch2'

    {
      0.0,
      0.0,
      0.0,
      0.0
    }
    ,                                  // '<S20>/Math Function'

    {
      0.0,
      0.0
    }
    ,                                  // '<S20>/Math Function1'

    {
      0.0,
      0.0
    }
    ,                                  // '<S20>/Math Function2'
    2.0
    ,                                  // '<S55>/Divide'

    {
      2.0,
      0.0,
      0.0,
      0.0
    }
    ,                                  // '<S53>/Matrix Concatenate5'
    12.063492063492063
    ,                                  // '<S54>/Divide'
    24.126984126984127
    ,                                  // '<S54>/Gain'
    7.9304347826086961
    ,                                  // '<S54>/Divide1'
    15.860869565217392
    ,                                  // '<S54>/Gain1'

    {
      0.0,
      0.0,
      24.126984126984127,
      15.860869565217392
    }
    ,                                  // '<S53>/Matrix Concatenate6'

    {
      2.0,
      0.0,
      0.0,
      0.0,
      0.0,
      0.0,
      24.126984126984127,
      15.860869565217392
    }
    ,                                  // '<S53>/Matrix Concatenate1'

    {
      0.0,
      0.0,
      0.0,
      1.0,
      0.0,
      0.0
    }
    ,                                  // '<S53>/Matrix Concatenate7'

    {
      0.0,
      1.0,
      0.0,
      0.0,
      0.0,
      1.0
    }
    ,                                  // '<S53>/Matrix Concatenate8'

    {
      0.0,
      0.0,
      0.0,
      1.0,
      0.0,
      0.0,
      0.0,
      1.0,
      0.0,
      0.0,
      0.0,
      1.0
    }
    ,                                  // '<S53>/Matrix Concatenate2'
    -2.0
    ,                                  // '<S55>/Unary Minus'

    {
      -2.0,
      1.0,
      0.0,
      0.0
    }
    ,                                  // '<S55>/Matrix Concatenate'

    {
      -2.0,
      1.0,
      0.0,
      0.0,
      0.0,
      0.0,
      0.0,
      0.0
    }
    ,                                  // '<S53>/Matrix Concatenate3'
    84480.000000000015
    ,                                  // '<S54>/Divide6'
    27360.0
    ,                                  // '<S54>/Divide7'
    52000.0
    ,                                  // '<S54>/Sum'
    -104000.0
    ,                                  // '<S54>/Gain2'
    52800.0
    ,                                  // '<S54>/Product'
    22800.0
    ,                                  // '<S54>/Product1'
    -30000.0
    ,                                  // '<S54>/Sum1'
    60000.0
    ,                                  // '<S54>/Gain3'
    111840.00000000001
    ,                                  // '<S54>/Sum3'
    -223680.00000000003
    // '<S54>/Gain4'
  }
  // End of '<S2>/Path Following Control System'
};

// Constant parameters (default storage)
const ConstP_LFRefMdl_T LFRefMdl_ConstP = {
  // Expression: [0:Ts:PredictionHorizon*Ts]'
  //  Referenced by: '<S10>/Gain'

  { 0.0, 0.1, 0.2, 0.30000000000000004, 0.4, 0.5, 0.6, 0.7, 0.8, 0.9, 1.0 },

  // Expression: [0;0;InitialLongVel;0]
  //  Referenced by: '<S50>/U Constant'

  { 0.0, 0.0, 15.0, 0.0 },

  // Expression: [1.4*InitialLongVel+DefaultSpacing;InitialLongVel;0;0]
  //  Referenced by: '<S50>/Y Constant'

  { 31.0, 15.0, 0.0, 0.0 },

  // Pooled Parameter (Expression: zeros(NumEgoStates+3+4*hasLag,1))
  //  Referenced by:
  //    '<S50>/DX Constant'
  //    '<S50>/X Constant'

  { 0.0, 0.0, 0.0, 0.0, 0.0, 0.0, 0.0, 0.0, 0.0, 0.0, 0.0 },

  // Expression: lastPcov
  //  Referenced by: '<S20>/LastPcov'

  { 2.4905081535391087, 1.2303154302084591, 2.3612615888479725E-16,
    3.5963504222348913E-16, -0.48339461029105046, 2.8272268798760641E-16,
    1.4400025088676126E-16, -0.3815290073089711, 1.0214843921212469,
    -6.3896470749232633E-17, 1.5377671988192626E-16, -0.0097832207393475749,
    -5.0794923653198044E-16, 1.2303154302084591, 18.198257474994264,
    -8.395264843305964E-16, -9.66608757576411E-16, -27.206499375898765,
    2.9597246427445491E-15, 5.1155196573556471E-16, -25.426532370405731,
    18.055717554354118, -3.6302676212499445E-16, 9.011457217136773E-16,
    -0.53265474866239848, -1.9852352929475038E-15, 2.3612615888479725E-16,
    -8.395264843305964E-16, 0.71192249944854347, 0.26235912012315027,
    5.4718992692002737E-14, -0.19420195567934498, -0.080853812303198408,
    5.5708578344246675E-14, -7.6801565174507589E-16, -0.12174325005393147,
    -0.07107443406380784, 7.6673833183942426E-17, 0.016838972572889493,
    3.5963504222348913E-16, -9.66608757576411E-16, 0.26235912012315027,
    0.70884115411578663, -1.2828469858676468E-14, 0.15791702548573783,
    0.089761971154949549, -1.2244416275681435E-14, -5.47562928513723E-16,
    0.0676093909232125, 0.044331217885405921, -1.7373674316682406E-16,
    -0.0010020521394551638, -0.48339461029105046, -27.206499375898765,
    5.4718992692002737E-14, -1.2828469858676468E-14, 207.26954428352192,
    -2.7615123028449913E-14, -8.5101499213875082E-15, 195.75545900944564,
    -27.147178753248124, -1.0221916865778553E-14, -8.4085208563259626E-15,
    0.84976881103683821, 3.7229343149351231E-14, 2.8272268798760641E-16,
    2.9597246427445491E-15, -0.19420195567934498, 0.15791702548573783,
    -2.7615123028449913E-14, 0.68610206889688163, 0.12873123121825664,
    -2.6632079483568697E-14, 2.6296896294546005E-15, 0.53515882968891226,
    0.10883078358883966, -3.7022055984513524E-16, -0.123767085564086,
    1.4400025088676126E-16, 5.1155196573556471E-16, -0.080853812303198408,
    0.089761971154949549, -8.5101499213875082E-15, 0.12873123121825664,
    0.042948777945627625, -8.3329767807502159E-15, 4.2975690115905003E-16,
    0.083648715211008279, 0.032523016685477087, -3.8040023227180487E-17,
    -0.017284034232525357, -0.3815290073089711, -25.426532370405731,
    5.5708578344246675E-14, -1.2244416275681435E-14, 195.75545900944564,
    -2.6632079483568697E-14, -8.3329767807502159E-15, 188.57357484669888,
    -25.379379081790905, -9.8130622717404091E-15, -8.4710940355789042E-15,
    0.79743324680797878, 3.6798793821814731E-14, 1.0214843921212469,
    18.055717554354118, -7.6801565174507589E-16, -5.47562928513723E-16,
    -27.147178753248124, 2.6296896294546005E-15, 4.2975690115905003E-16,
    -25.379379081790905, 17.9336920904499, 3.7819783616683314E-17,
    8.1479390673783115E-16, -0.53144153868028465, -2.0271677814973998E-15,
    -6.3896470749232633E-17, -3.6302676212499445E-16, -0.12174325005393147,
    0.0676093909232125, -1.0221916865778553E-14, 0.53515882968891226,
    0.083648715211008279, -9.8130622717404091E-15, 3.7819783616683314E-17,
    0.43312864380917804, 0.0737758611575847, -1.3556936264590931E-16,
    -0.10072106551085741, 1.5377671988192626E-16, 9.011457217136773E-16,
    -0.07107443406380784, 0.044331217885405921, -8.4085208563259626E-15,
    0.10883078358883966, 0.032523016685477087, -8.4710940355789042E-15,
    8.1479390673783115E-16, 0.0737758611575847, 0.026234906726147783,
    -4.6936276117914655E-17, -0.016706740492530514, -0.0097832207393475749,
    -0.53265474866239848, 7.6673833183942426E-17, -1.7373674316682406E-16,
    0.84976881103683821, -3.7022055984513524E-16, -3.8040023227180487E-17,
    0.79743324680797878, -0.53144153868028465, -1.3556936264590931E-16,
    -4.6936276117914655E-17, 0.1216212225972951, 1.064499466270289E-17,
    -5.0794923653198044E-16, -1.9852352929475038E-15, 0.016838972572889493,
    -0.0010020521394551638, 3.7229343149351231E-14, -0.123767085564086,
    -0.017284034232525357, 3.6798793821814731E-14, -2.0271677814973998E-15,
    -0.10072106551085741, -0.016706740492530514, 1.064499466270289E-17,
    0.1324332044266136 },

  // Expression: posSelector
  //  Referenced by: '<S3>/Position Selector'

  { 1.0, 0.0, 0.0, 0.0, 0.0, 1.0, 0.0, 0.0, 0.0, 0.0, 0.0, 0.0 }
};

//
// File trailer for generated code.
//
// [EOF]
//
